0.2311
0.1394
0.06181
0.6676
0.62
0.4542
0.6815
0.3825
0.195
0.3022
0.001595
0.1777
0.04042
0.4917
0.5336
0.485
0.2335
0.3536
0.4465
0.4735
0.1369
0.3931
0.3764
0.3802
0.4477
0.2793
0.3942
0.5941
0.7952
0.5074
0.03217
0.2157
0.2089
0.3236
0.3584
0.4656
0.3462
0.2994
0.2119
0.2791
0.191
0.1017
0.4406
0.2559
0.2361
0.5915
0.5807
0.5631
0.3864
0.442
0.3471
0.4535
0.4732
0.2811
0.3698
0.4539
0.3824
0.3762
0.2607
0.4766
0.4454
0.4022
0.02711
0.6922
0.1601
0.3957
0.3413
0.302
0.6774
0.2525
0.1151
0.2108
0.677
0.4205
0.4173
0.2817
0.1076
0.1579
0.4492
0.233
0.7113
0.3923
0.683
0.4366
0.21
0.5683
0.4338
0.1995
0.2313
0.442
0.3473
0.4087
0.3913
0.3862
0.3972
0.6165
0.02452
0.4038
0.2662
0.2921
0.6409
0.74
0.3086
0.8022
0.1634
0.5064
0.2152
0.4096
0.5579
0.4773
0.4719
0.3073
0.1931
0.154
0.2751
0.257
0.148
0.2181
0.163
0.2564
0.3099
0.6817
0.3129
0.5058
0.5931
0.2288
0.5449
0.4065
0.02152
0.3412
0.2088
0.1679
0.4807
0.4056
0.4133
0.3033
0.4964
0.07844
0.1093
0.1614
0.611
0.186
0.3229
0.6236
0.335
0.34
0.2449
0.1737
0.8051
0.236
0.5102
0.39
0.1841
0.3806
0.2284
0.5659
0.3532
0.5844
0.3894
0.06764
0.4092
0.1396
0.3335
0.3292
0.4477
0.2211
0.3389
0.212
0.3842
0.3771
0.4482
0.483
0.2551
0.2943
0.3886
0.1628
0.0004706
0.4568
0.5854
0.6814
0.1899
0.3193
0.6386
0.6542
0.4493
0.1993
0.1551
0.3242
0.3315
0.3364
0.5593
0.122
0.006394
0.2039
0.3717
0.1596
0.2476
0.3686
0.08856
0.7131
0.2302
0.3172
0.1527
0.6965
0.2857
0.1744
0.3029
0.2835
0.315
0.2484
0.4224
0.5004
0.2118
0.1147
0.1535
0.1409
0.2479
0.3631
0.6071
0.1767
0.3683
0.539
0.6214
0.3367
0.6295
0.1477
0.4053
0.2232
0.2743
0.3768
0.2991
0.2911
0.3219
0.3011
0.3312
0.2929
0.242
0.276
0.195
0.1963
0.2684
0.1884
0.1959
0.3791
0.3969
0.2099
0.377
0.1512
0.1097
0.2501
0.3818
0.05962
0.547
0.6624
0.1972
0.3663
0.5189
0.1096
0.6091
0.1559
0.4789
0.4554
0.4682
0.1539
0.2498
0.3692
0.199
0.2379
0.236
0.1967
0.314
0.3236
0.2708
0.3673
0.207
0.4027
0.2288
0.1325
0.3959
0.1323
0.4944
0.6126
0.2519
0.2139
0.2691
0.342
0.1391
0.4437
0.3968
0.1065
0.1018
0.4199
0.8616
0.3354
0.5179
0.09819
0.3078
0.1678
0.7604
0.4776
0.5177
0.246
0.5323
0.1218
0.584
0.6681
0.2328
0.5148
0.3114
0.5335
0.1098
0.001145
0.4519
0.1737
0.3164
0.4272
0.1449
0.3077
0.144
0.5215
0.3352
0.1325
0.5965
0.6533
0.3752
0.1209
0.298
0.5869
0.1134
0.3891
0.484
0.1816
0.2795
0.4617
0.3319
0.1797
0.3272
0.3244
0.3063
0.2678
0.2732
0.0236
0.6432
0.478
0.5593
0.306
0.1168
0.608
0.228
0.04102
0.4824
0.3391
0.3091
0.326
0.2359
0.3558
0.4579
0.2113
0.5262
0.63
0.4214
0.1735
0.1789
0.1595
0.6378
0.4327
0.1507
0.5349
0.3194
0.3359
0.2501
0.2412
0.2457
0.1699
0.1969
0.3018
0.5936
0.3629
0.2284
0.2406
0.2997
0.4005
0.3243
0.2292
0.4907
0.1418
0.255
0.2865
0.1522
0.05534
0.6549
0.239
0.276
0.2856
0.3069
0.6505
0.6919
0.7277
0.4321
0.7556
0.3189
0.2716
0.2839
0.2985
0.2257
0.0739
0.112
0.3235
0.534
0.2126
0.2496
0.6986
0.2084
0.2784
0.5559
0.6643
0.3022
0.5227
0.2018
0.2171
0.3135
0.4539
0.3241
0.6735
0.2385
0.2686
0.1916
0.4254
0.376
0.1994
0.4265
0.7192
0.2774
0.3332
0.4419
0.6499
0.3505
0.1403
0.2674
0.3433
0.2709
0.5349
0.2211
0.3298
0.3858
0.7056
0.1342
0.2436
0.2057
0.2348
0.2417
0.849
0.4709
0.3839
0.3355
0.232
0.272
0.1882
0.6067
0.2445
0.6582
0.3543
0.3997
0.3687
0.3031
0.02879
0.7401
0.2698
0.2715
0.3936
0.2378
0.2512
0.2325
0.2348
0.2353
0.1817
0.04099
0.3478
0.4545
0.2776
0.3565
0.3084
0.3964
0.3112
0.2371
0.3734
0.3497
0.2956
0.38
0.3839
0.289
0.308
0.567
0.3965
0.3606
0.2278
0.5191
0.3091
0.5941
0.2897
0.1204
0.2311
0.718
0.2521
0.2729
0.2706
0.3344
0.3229
0.02632
0.2482
0.1448
0.3211
0.2965
0.3512
0.2206
0.2463
0.07258
0.4407
0.3131
0.3089
0.4027
0.248
0.3011
0.2617
0.6369
0.646
0.4908
0.2619
0.4476
0.2534
0.2099
0.2484
0.4342
0.2008
0.1903
0.4513
0.6572
0.2914
0.2601
0.507
0.4451
0.2482
0.4611
0.7585
0.3825
0.4427
0.09694
0.4776
0.3488
0.1758
0.1986
0.3147
0.3891
0.1657
0.1902
0.2512
0.3474
0.5437
0.3482
0.07209
0.1933
0.3612
0.4364
0.2665
0.2767
0.2466
0.3336
0.4149
0.6013
0.1741
0.06175
0.3273
0.8585
0.2578
0.3592
0.4476
0.1362
0.3939
0.103
0.5577
0.1322
0.3073
0.3428
0.4725
0.2598
0.3599
0.3593
0.2579
0.2693
0.2371
0.2621
0.6453
0.1188
0.1882
0.4933
0.2292
0.2045
0.3421
0.603
0.3884
0.4212
0.6858
0.4398
0.2659
0.2241
0.3164
0.06629
0.2508
0.2559
0.2011
0.2937
0.2473
0.2342
0.4303
0.2809
0.3003
0.4532
0.2348
0.1963
0.1904
0.2723
0.1554
0.2407
0.3033
0.6713
0.2559
0.2966
0.1433
0.5128
0.2542
0.1776
0.1399
0.3274
0.6316
0.2528
0.3766
0.5138
0.4878
0.6625
0.1857
0.613
0.3477
0.2338
0.2108
0.1941
0.4547
0.4881
0.6693
0.517
0.3777
0.1616
0.4706
0.3224
0.2542
0.2906
0.5575
0.4985
0.6742
0.2649
0.3681
0.1985
0.6714
0.2611
0.5299
0.08126
0.3034
0.1647
0.1798
0.4685
0.2164
0.5522
0.03991
0.3749
0.3639
0.2366
0.4422
0.5272
0.3752
0.1606
0.4348
0.2881
0.5696
0.2567
0.5848
0.6435
0.2438
0.498
0.651
0.5061
0.41
0.3125
0.08175
0.252
0.1534
0.4
0.2948
0.6224
0.1253
0.3038
0.186
0.3261
0.3337
0.7534
0.2043
0.4563
0.5796
0.4487
0.4079
0.2225
0.3247
0.1776
0.2476
0.2453
0.3588
0.1015
0.3127
0.435
0.1669
0.2181
0.2866
0.2549
0.1065
0.1842
0.4203
0.5207
0.2785
0.1454
0.3046
0.2468
0.2345
0.2751
0.468
0.5175
0.4702
0.1037
0.3393
0.256
0.3891
0.2345
0.3171
0.3158
0.3267
0.3873
0.2928
0.2508
0.3165
0.5983
0.2579
0.1751
0.4987
0.2875
0.3769
0.1712
0.472
0.2698
0.4431
0.5255
0.5266
0.3478
0.6888
0.3716
0.1016
0.1033
0.1708
0.3315
0.3907
0.7196
0.3828
0.1969
0.2005
0.5004
0.8218
0.309
0.3566
0.2666
0.1259
0.3558
0.07484
0.1977
0.4496
0.09644
0.345
0.4041
0.3373
0.8087
0.07941
0.5267
0.06472
0.187
0.397
0.5162
0.1785
0.3432
0.1548
0.8596
0.6415
0.612
0.1869
0.224
0.1376
0.08886
0.1521
0.4824
0.4944
0.06503
0.308
0.2916
0.1316
0.07248
0.02854
0.1284
0.1848
0.5491
0.04888
0.4425
0.04229
0.1601
0.08591
0.2916
0.2825
0.5955
0.6384
0.3503
0.1891
0.08168
0.1916
0.06988
0.5412
0.6285
0.3671
0.2249
0.224
0.192
0.2967
0.2162
0.3336
0.684
0.3708
0.5867
0.1097
0.3582
0.06626
0.1529
0.152
0.3347
0.09403
0.7523
0.0335
0.2785
0.2387
0.3059
0.3369
0.1791
0.1819
0.1291
0.215
0.6181
0.09432
0.6168
0.5522
0.1167
0.1943
0.1714
0.2516
0.1578
0.2322
0.4326
0.3916
0.2778
0.1366
0.1466
0.4273
0.196
0.5876
0.2666
0.2375
0.2483
0.2395
0.6734
0.4798
0.3645
0.3145
0.3649
0.4085
0.1091
0.204
0.3279
0.1848
0.209
0.2229
0.1083
0.3399
0.3396
0.4538
0.4442
0.3909
0.09951
0.4019
0.2068
0.5984
0.3245
0.9756
0.06738
0.1782
0.2176
0.5616
0.3468
0.4294
0.2448
0.2416
0.3996
0.1064
0.3169
0.4817
0.07499
0.2884
0.314